   9.6862745e-01   0.0000000e+00   0.0000000e+00
   9.8823529e-01   1.6078431e-01   1.5294118e-01
   1.0000000e+00   2.9411765e-01   2.9411765e-01
   9.8823529e-01   4.1960784e-01   4.5882353e-01
   9.8823529e-01   6.0000000e-01   6.1960784e-01
   9.8039216e-01   7.3725490e-01   7.4509804e-01
   9.9607843e-01   9.0588235e-01   9.0196078e-01
   8.8627451e-01   9.0196078e-01   9.9607843e-01
   7.6470588e-01   7.5294118e-01   1.0000000e+00
   6.0784314e-01   5.9607843e-01   1.0000000e+00
   4.5490196e-01   4.5882353e-01   1.0000000e+00
   3.0196078e-01   2.9411765e-01   1.0000000e+00
   1.5686275e-01   1.5294118e-01   9.9215686e-01
   1.1764706e-02   0.0000000e+00   9.9215686e-01
