   1.3725490e-01   7.8431373e-03   8.5882353e-01
   1.2156863e-01   2.9803922e-01   1.0000000e+00
   2.2352941e-01   6.3529412e-01   1.0000000e+00
   4.4313725e-01   8.5882353e-01   1.0000000e+00
   6.7450980e-01   9.8039216e-01   1.0000000e+00
   8.9019608e-01   1.0000000e+00   1.0000000e+00
   1.0000000e+00   1.0000000e+00   7.4901961e-01
   1.0000000e+00   8.7843137e-01   6.0392157e-01
   1.0000000e+00   6.8627451e-01   4.4705882e-01
   9.7647059e-01   4.2745098e-01   3.6470588e-01
   8.5882353e-01   1.2156863e-01   1.7254902e-01
   6.4705882e-01   0.0000000e+00   1.0196078e-01
